0.00003
0.00003
0.00003
0.00003
0.00003
0.00003
0.00003
0.00003
0.00003
0.00003
0.00003
0.00003
0.00003
0.00003
0.00003
0.00003
0.00003
0.00003
0.00003
0.00003
0.00003
0.00003
0.00003
0.00003
0.00003
0.00003
0.00003
0.00003
0.00003
0.00003
0.00003
0.00003
0.00003
0.00003
0.00003
0.00003
0.00003
0.00003
0.00003
0.00003
0.00003
0.000023
0.000015
0.000008
0
0
0
0
0
0
0
0
0
-0.000008
-0.000015
-0.000023
-0.00003
-0.00003
-0.00003
-0.00003
-0.00003
-0.00003
-0.00003
-0.00003
-0.00003
-0.000023
-0.000015
-0.000008
0
0.000008
0.000015
0.000023
0.00003
0.00003
0.00003
0.00003
0.00003
0.00003
0.00003
0.00003
0.00003
0.00003
0.00003
0.00003
0.00003
0.00003
0.00003
0.00003
0.00003
0.00003
0.00003
0.00003
0.00003
0.00003
0.00003
0.00003
0.00003
0.00003
0.00003
0.00003
0.00003
0.000023
0.000015
0.000008
0
0
0
0
0
-0.000008
-0.000015
-0.000023
-0.00003
-0.000038
-0.000046
-0.000053
-0.000061
-0.000099
-0.000137
-0.000175
-0.000213
-0.000244
-0.000274
-0.000305
-0.000335
-0.000343
-0.000351
-0.000358
-0.000366
-0.000381
-0.000396
-0.000411
-0.000427
-0.000411
-0.000396
-0.000381
-0.000366
-0.00032
-0.000274
-0.000229
-0.000183
-0.000183
-0.000183
-0.000183
-0.000183
-0.000175
-0.000168
-0.00016
-0.000152
-0.000145
-0.000137
-0.00013
-0.000122
-0.000183
-0.000244
-0.000305
-0.000366
-0.000533
-0.000701
-0.000869
-0.001036
-0.001158
-0.00128
-0.001402
-0.001524
-0.001417
-0.001311
-0.001204
-0.001097
-0.001052
-0.001006
-0.00096
-0.000914
-0.000983
-0.001052
-0.00112
-0.001189
-0.001006
-0.000823
-0.00064
-0.000457
-0.000152
0.000152
0.000457
0.000762
0.000754
0.000747
0.000739
0.000732
0.000465
0.000198
-0.000069
-0.000335
-0.000754
-0.001173
-0.001593
-0.002012
-0.00224
-0.002469
-0.002697
-0.002926
-0.002637
-0.002347
-0.002057
-0.001768
-0.00141
-0.001052
-0.000693
-0.000335
-0.00048
-0.000625
-0.00077
-0.000914
-0.000792
-0.000671
-0.000549
-0.000427
0.000511
0.001448
0.002385
0.003322
0.003391
0.003459
0.003528
0.003597
0.002187
0.000777
-0.000632
-0.002042
-0.003147
-0.004252
-0.005357
-0.006462
-0.006287
-0.006111
-0.005936
-0.005761
-0.005235
-0.004709
-0.004183
-0.003658
-0.00378
-0.003901
-0.004023
-0.004145
-0.003749
-0.003353
-0.002957
-0.00256
-0.001867
-0.001173
-0.00048
0.000213
0.000038
-0.000137
-0.000312
-0.000488
-0.001516
-0.002545
-0.003574
-0.004602
-0.005814
-0.007026
-0.008237
-0.009449
-0.008527
-0.007605
-0.006683
-0.005761
-0.003673
-0.001585
0.000503
0.002591
0.003139
0.003688
0.004237
0.004785
0.004724
0.004663
0.004602
0.004542
0.005761
0.00698
0.008199
0.009418
0.010546
0.011674
0.012802
0.013929
0.012543
0.011156
0.009769
0.008382
0.007978
0.007574
0.00717
0.006767
0.006096
0.005425
0.004755
0.004084
0.00141
-0.001265
-0.00394
-0.006614
-0.007772
-0.008931
-0.010089
-0.011247
-0.008321
-0.005395
-0.002469
0.000457
0.004138
0.007818
0.011499
0.015179
0.011948
0.008717
0.005486
0.002256
-0.000351
-0.002957
-0.005563
-0.008169
-0.004999
-0.001829
0.001341
0.004511
0.00743
0.010348
0.013266
0.016185
0.018357
0.020528
0.0227
0.024872
0.027981
0.03109
0.034199
0.037308
0.037734
0.038161
0.038588
0.039014
0.034389
0.029764
0.025138
0.020513
0.016299
0.012085
0.007871
0.003658
0.002286
0.000914
-0.000457
-0.001829
-0.001364
-0.000899
-0.000434
0.00003
0.003787
0.007544
0.0113
0.015057
0.012162
0.009266
0.00637
0.003475
-0.007597
-0.018669
-0.029741
-0.040813
-0.036203
-0.031593
-0.026982
-0.022372
-0.019225
-0.016078
-0.012931
-0.009784
-0.007559
-0.005334
-0.003109
-0.000884
-0.000564
-0.000244
0.000076
0.000396
-0.004953
-0.010302
-0.015651
-0.021001
-0.023721
-0.026441
-0.029162
-0.031882
-0.030244
-0.028605
-0.026967
-0.025329
-0.022563
-0.019797
-0.017031
-0.014265
-0.009761
-0.005258
-0.000754
0.003749
0.005608
0.007468
0.009327
0.011186
0.007856
0.004526
0.001196
-0.002134
-0.00586
-0.009586
-0.013312
-0.017038
-0.016939
-0.01684
-0.016741
-0.016642
-0.01572
-0.014798
-0.013876
-0.012954
-0.012238
-0.011521
-0.010805
-0.010089
-0.008717
-0.007346
-0.005974
-0.004602
-0.004481
-0.004359
-0.004237
-0.004115
-0.004564
-0.005014
-0.005464
-0.005913
-0.007879
-0.009845
-0.011811
-0.013777
-0.017122
-0.020467
-0.023813
-0.027158
-0.025618
-0.024079
-0.02254
-0.021001
-0.009609
0.001783
0.013175
0.024567
0.03506
0.045552
0.056045
0.066538
0.061295
0.056053
0.05081
0.045568
0.034397
0.023226
0.012055
0.000884
-0.003117
-0.007117
-0.011118
-0.015118
-0.009472
-0.003825
0.001821
0.007468
0.01335
0.019233
0.025116
0.030998
0.026662
0.022327
0.017991
0.013655
0.007193
0.000732
-0.00573
-0.012192
-0.015263
-0.018334
-0.021405
-0.024475
-0.025588
-0.0267
-0.027813
-0.028926
-0.025268
-0.02161
-0.017953
-0.014295
-0.013426
-0.012558
-0.011689
-0.01082
-0.009479
-0.008138
-0.006797
-0.005456
-0.000663
0.00413
0.008923
0.013716
0.01495
0.016185
0.017419
0.018654
0.021107
0.023561
0.026015
0.028468
0.029771
0.031074
0.032377
0.03368
0.033284
0.032888
0.032492
0.032095
0.03426
0.036424
0.038588
0.040752
0.032751
0.02475
0.016749
0.008748
0.000594
-0.007559
-0.015712
-0.023866
-0.027798
-0.03173
-0.035662
-0.039594
-0.036347
-0.033101
-0.029855
-0.026609
-0.013106
0.000396
0.013899
0.027402
0.025908
0.024414
0.022921
0.021427
0.01844
0.015453
0.012466
0.009479
0.011034
0.012588
0.014143
0.015697
0.015263
0.014829
0.014394
0.01396
0.016916
0.019873
0.02283
0.025786
0.021206
0.016627
0.012047
0.007468
0.001181
-0.005105
-0.011392
-0.017678
-0.019279
-0.020879
-0.022479
-0.024079
-0.023363
-0.022647
-0.02193
-0.021214
-0.019126
-0.017038
-0.01495
-0.012863
-0.016901
-0.02094
-0.024978
-0.029017
-0.029017
-0.029017
-0.029017
-0.029017
-0.025733
-0.022449
-0.019164
-0.01588
-0.015743
-0.015606
-0.015469
-0.015331
-0.009837
-0.004343
0.001151
0.006645
0.010683
0.014722
0.01876
0.022799
0.022609
0.022418
0.022228
0.022037
0.020589
0.019141
0.017694
0.016246
0.011994
0.007742
0.00349
-0.000762
-0.001699
-0.002637
-0.003574
-0.004511
0.000678
0.005867
0.011057
0.016246
0.01857
0.020894
0.023218
0.025542
0.023797
0.022052
0.020307
0.018562
0.018181
0.0178
0.017419
0.017038
0.017008
0.016977
0.016947
0.016916
0.010287
0.003658
-0.002972
-0.009601
-0.013495
-0.017389
-0.021283
-0.025176
-0.019599
-0.014021
-0.008443
-0.002865
0.00714
0.017145
0.02715
0.037155
0.03522
0.033284
0.031349
0.029413
0.016436
0.003459
-0.009517
-0.022494
-0.027196
-0.031897
-0.036599
-0.0413
-0.034458
-0.027615
-0.020772
-0.013929
-0.009365
-0.004801
-0.000236
0.004328
-0.000145
-0.004618
-0.009091
-0.013564
-0.016703
-0.019842
-0.022982
-0.026121
-0.016452
-0.006782
0.002888
0.012558
0.020178
0.027798
0.035418
0.043038
0.032301
0.021565
0.010828
0.000091
-0.015248
-0.030587
-0.045926
-0.061265
-0.063779
-0.066294
-0.068809
-0.071323
-0.057005
-0.042687
-0.028369
-0.014051
-0.004374
0.005304
0.014981
0.024658
0.017937
0.011217
0.004496
-0.002225
-0.003871
-0.005517
-0.007163
-0.008809
-0.000853
0.007102
0.015057
0.023012
0.028788
0.034564
0.04034
0.046116
0.042352
0.038588
0.034823
0.031059
0.019286
0.007513
-0.00426
-0.016032
-0.017389
-0.018745
-0.020102
-0.021458
-0.004618
0.012222
0.029063
0.045903
0.056632
0.067361
0.07809
0.088819
0.079576
0.070333
0.06109
0.051846
0.042962
0.034077
0.025192
0.016307
0.023287
0.030267
0.037247
0.044226
0.056716
0.069205
0.081694
0.094183
0.091897
0.089611
0.087325
0.085039
0.06778
0.050521
0.033261
0.016002
0.006165
-0.003673
-0.01351
-0.023348
-0.017854
-0.01236
-0.006866
-0.001372
0.005143
0.011659
0.018174
0.024689
0.021481
0.018273
0.015065
0.011857
0.00759
0.003322
-0.000945
-0.005212
-0.001265
0.002682
0.006629
0.010577
0.021328
0.03208
0.042832
0.053584
0.068359
0.083134
0.097909
0.112685
0.127902
0.143119
0.158336
0.173553
0.18317
0.192786
0.202402
0.212019
0.218016
0.224013
0.23001
0.236007
0.244046
0.252085
0.260124
0.268163
0.276103
0.284043
0.291983
0.299923
0.305836
0.311749
0.317663
0.323576
0.330571
0.337566
0.344561
0.351556
0.348074
0.344592
0.341109
0.337627
0.30989
0.282153
0.254417
0.22668
0.191049
0.155418
0.119786
0.084155
0.054613
0.02507
-0.004473
-0.034016
-0.065768
-0.097521
-0.129273
-0.161026
-0.204147
-0.247269
-0.290391
-0.333512
-0.365646
-0.397779
-0.429913
-0.462046
-0.473027
-0.484007
-0.494988
-0.505968
-0.507789
-0.50961
-0.511432
-0.513253
-0.514838
-0.516423
-0.518008
-0.519593
-0.525795
-0.531998
-0.538201
-0.544403
-0.557571
-0.570738
-0.583905
-0.597073
-0.607969
-0.618866
-0.629763
-0.640659
-0.622051
-0.603443
-0.584835
-0.566227
-0.513839
-0.461452
-0.409064
-0.356677
-0.302537
-0.248397
-0.194257
-0.140117
-0.105994
-0.071872
-0.037749
-0.003627
0.013876
0.031379
0.048882
0.066385
0.083751
0.101117
0.118483
0.135849
0.146837
0.157825
0.168814
0.179802
0.18
0.180198
0.180396
0.180594
0.180312
0.18003
0.179748
0.179466
0.178194
0.176921
0.175649
0.174376
0.167853
0.161331
0.154808
0.148285
0.135788
0.123292
0.110795
0.098298
0.081671
0.065044
0.048417
0.031791
0.021328
0.010866
0.000404
-0.010058
-0.003863
0.002332
0.008527
0.014722
0.026746
0.038771
0.050795
0.062819
0.071643
0.080467
0.089291
0.098115
0.107473
0.11683
0.126187
0.135545
0.143325
0.151105
0.158885
0.166665
0.173218
0.179771
0.186324
0.192877
0.198311
0.203744
0.209177
0.21461
0.219349
0.224089
0.228829
0.233568
0.241684
0.249799
0.257914
0.266029
0.280698
0.295366
0.310035
0.324703
0.343068
0.361432
0.379796
0.39816
0.41321
0.428259
0.443309
0.458358
0.464279
0.4702
0.47612
0.482041
0.481058
0.480075
0.479092
0.478109
0.476532
0.474955
0.473377
0.4718
0.473347
0.474894
0.476441
0.477987
0.478864
0.47974
0.480616
0.481493
0.46911
0.456728
0.444345
0.431963
0.399479
0.366994
0.33451
0.302026
0.257175
0.212324
0.167472
0.122621
0.077526
0.032431
-0.012664
-0.05776
-0.094618
-0.131476
-0.168333
-0.205191
-0.227381
-0.24957
-0.27176
-0.293949
-0.307734
-0.321518
-0.335303
-0.349087
-0.36179
-0.374493
-0.387195
-0.399898
-0.412608
-0.425318
-0.438028
-0.450738
-0.468089
-0.48544
-0.50279
-0.520141
-0.541058
-0.561975
-0.582892
-0.603809
-0.624992
-0.646176
-0.66736
-0.688543
-0.710253
-0.731962
-0.753671
-0.775381
-0.789958
-0.804535
-0.819112
-0.833689
-0.83167
-0.82965
-0.827631
-0.825612
-0.798317
-0.771022
-0.743727
-0.716432
-0.669981
-0.623529
-0.577078
-0.530626
-0.485927
-0.441229
-0.39653
-0.351831
-0.316786
-0.281742
-0.246698
-0.211653
-0.183314
-0.154976
-0.126637
-0.098298
-0.078638
-0.058979
-0.039319
-0.01966
-0.00906
0.001539
0.012139
0.022738
0.034862
0.046985
0.059108
0.071232
0.091249
0.111267
0.131285
0.151303
0.170581
0.18986
0.209139
0.228417
0.242202
0.255986
0.269771
0.283555
0.295275
0.306995
0.318714
0.330434
0.333687
0.336941
0.340195
0.343449
0.335295
0.327142
0.318988
0.310835
0.299519
0.288204
0.276888
0.265572
0.251811
0.238049
0.224287
0.210525
0.187894
0.165263
0.142631
0.12
0.091989
0.063978
0.035966
0.007955
-0.012047
-0.03205
-0.052052
-0.072055
-0.079454
-0.086853
-0.094252
-0.101651
-0.106261
-0.110871
-0.115481
-0.120091
-0.126309
-0.132527
-0.138745
-0.144963
-0.148438
-0.151912
-0.155387
-0.158862
-0.160447
-0.162032
-0.163617
-0.165202
-0.169484
-0.173767
-0.178049
-0.182331
-0.184556
-0.186781
-0.189007
-0.191232
-0.187879
-0.184526
-0.181173
-0.17782
-0.166497
-0.155174
-0.14385
-0.132527
-0.109278
-0.08603
-0.062781
-0.039533
-0.018395
0.002743
0.023881
0.045019
0.053485
0.061951
0.070416
0.078882
0.086685
0.094488
0.102291
0.110094
0.114925
0.119756
0.124587
0.129418
0.119344
0.109271
0.099197
0.089124
0.07316
0.057196
0.041232
0.025268
0.016741
0.008214
-0.000312
-0.008839
-0.007269
-0.0057
-0.00413
-0.00256
0.008717
0.019995
0.031272
0.04255
0.056198
0.069845
0.083492
0.09714
0.104272
0.111404
0.118537
0.125669
0.130797
0.135926
0.141054
0.146182
0.155204
0.164226
0.173248
0.18227
0.193777
0.205283
0.216789
0.228295
0.239138
0.249982
0.260825
0.271668
0.278892
0.286116
0.29334
0.300563
0.300784
0.301005
0.301226
0.301447
0.293401
0.285354
0.277307
0.26926
0.257579
0.245897
0.234216
0.222535
0.212255
0.201976
0.191696
0.181417
0.171039
0.16066
0.150282
0.139903
0.128107
0.116312
0.104516
0.09272
0.083736
0.074752
0.065768
0.056784
0.054468
0.052151
0.049835
0.047518
0.048395
0.049271
0.050147
0.051024
0.048181
0.045339
0.042497
0.039654
0.0381
0.036546
0.034991
0.033437
0.040416
0.047396
0.054376
0.061356
0.067772
0.074188
0.080604
0.08702
0.087516
0.088011
0.088506
0.089002
0.082936
0.076871
0.070805
0.06474
0.06093
0.05712
0.05331
0.0495
0.056982
0.064465
0.071948
0.079431
0.086319
0.093208
0.100096
0.106985
0.099708
0.092431
0.085154
0.077876
0.074348
0.07082
0.067292
0.063764
0.066073
0.068382
0.070691
0.073
0.055634
0.038268
0.020902
0.003536
-0.024133
-0.051801
-0.079469
-0.107137
-0.115245
-0.123353
-0.13146
-0.139568
-0.128961
-0.118354
-0.107747
-0.09714
-0.083553
-0.069967
-0.05638
-0.042794
-0.037163
-0.031532
-0.0259
-0.020269
-0.015606
-0.010942
-0.006279
-0.001615
0.00621
0.014036
0.021862
0.029688
0.029748
0.029809
0.02987
0.029931
0.030274
0.030617
0.03096
0.031303
0.050376
0.069449
0.088522
0.107594
0.133152
0.158709
0.184267
0.209824
0.223929
0.238034
0.252138
0.266243
0.262037
0.25783
0.253624
0.249418
0.231755
0.214092
0.196428
0.178765
0.161315
0.143866
0.126416
0.108966
0.092385
0.075804
0.059223
0.042642
0.024254
0.005867
-0.01252
-0.030907
-0.05478
-0.078654
-0.102527
-0.126401
-0.156126
-0.185852
-0.215577
-0.245303
-0.273909
-0.302514
-0.33112
-0.359725
-0.382273
-0.40482
-0.427368
-0.449915
-0.467403
-0.484891
-0.502379
-0.519867
-0.53718
-0.554492
-0.571805
-0.589117
-0.609897
-0.630677
-0.651457
-0.672236
-0.689526
-0.706816
-0.724106
-0.741396
-0.734286
-0.727177
-0.720067
-0.712958
-0.668602
-0.624246
-0.57989
-0.535534
-0.466214
-0.396895
-0.327576
-0.258257
-0.186134
-0.11401
-0.041887
0.030236
0.079042
0.127848
0.176654
0.225461
0.230917
0.236372
0.241828
0.247284
0.255415
0.263545
0.271676
0.279806
0.30893
0.338054
0.367177
0.396301
0.390014
0.383728
0.377441
0.371155
0.336598
0.302042
0.267485
0.232928
0.202037
0.171145
0.140254
0.109362
0.076589
0.043815
0.011041
-0.021732
-0.059947
-0.098161
-0.136375
-0.174589
-0.204033
-0.233477
-0.262921
-0.292364
-0.303962
-0.315559
-0.327157
-0.338755
-0.336316
-0.333878
-0.33144
-0.329001
-0.309654
-0.290307
-0.27096
-0.251612
-0.218336
-0.185059
-0.151783
-0.118506
-0.081968
-0.04543
-0.008893
0.027645
0.061966
0.096286
0.130607
0.164927
0.193601
0.222275
0.25095
0.279624
0.309334
0.339044
0.368755
0.398465
0.419176
0.439887
0.460599
0.48131
0.492427
0.503545
0.514662
0.52578
0.53718
0.548579
0.559979
0.571378
0.576049
0.58072
0.585391
0.590062
0.580514
0.570967
0.561419
0.551871
0.53343
0.51499
0.49655
0.478109
0.455798
0.433487
0.411175
0.388864
0.365882
0.3429
0.319918
0.296936
0.274274
0.251612
0.228951
0.206289
0.174689
0.143088
0.111488
0.079888
0.035273
-0.009342
-0.053957
-0.098572
-0.136215
-0.173858
-0.211501
-0.249144
-0.260962
-0.272781
-0.284599
-0.296418
-0.284295
-0.272171
-0.260048
-0.247924
-0.236281
-0.224638
-0.212994
-0.201351
-0.206685
-0.212019
-0.217353
-0.222687
-0.241409
-0.260132
-0.278854
-0.297576
-0.310446
-0.323317
-0.336187
-0.349057
-0.338793
-0.328529
-0.318265
-0.308
-0.277924
-0.247848
-0.217772
-0.187696
-0.154793
-0.12189
-0.088986
-0.056083
-0.037087
-0.01809
0.000907
0.019903
0.021313
0.022723
0.024133
0.025542
0.026662
0.027783
0.028903
0.030023
0.030229
0.030434
0.03064
0.030846
0.023744
0.016642
0.00954
0.002438
-0.005441
-0.01332
-0.021199
-0.029078
-0.035928
-0.042779
-0.049629
-0.056479
-0.064336
-0.072192
-0.080048
-0.087904
-0.090838
-0.093772
-0.096705
-0.099639
-0.083469
-0.0673
-0.05113
-0.034961
-0.005456
0.024049
0.053553
0.083058
0.10428
0.125501
0.146723
0.167945
0.175717
0.18349
0.191262
0.199034
0.207775
0.216515
0.225255
0.233995
0.258943
0.283891
0.308839
0.333787
0.361386
0.388986
0.416585
0.444185
0.455158
0.466131
0.477103
0.488076
0.472326
0.456575
0.440825
0.425074
0.385465
0.345857
0.306248
0.266639
0.218504
0.170368
0.122232
0.074097
0.027333
-0.019431
-0.066195
-0.112959
-0.1548
-0.196642
-0.238483
-0.280325
-0.315118
-0.34991
-0.384703
-0.419496
-0.443012
-0.466527
-0.490042
-0.513558
-0.515882
-0.518206
-0.52053
-0.522854
-0.499819
-0.476783
-0.453748
-0.430713
-0.405094
-0.379476
-0.353858
-0.328239
-0.311719
-0.295199
-0.278679
-0.262159
-0.246271
-0.230383
-0.214495
-0.198608
-0.181013
-0.163419
-0.145824
-0.128229
-0.11225
-0.096271
-0.080292
-0.064313
-0.047343
-0.030373
-0.013404
0.003566
0.006027
0.008489
0.01095
0.013411
-0.011758
-0.036927
-0.062095
-0.087264
-0.118986
-0.150708
-0.18243
-0.214153
-0.230657
-0.247162
-0.263667
-0.280172
-0.271013
-0.261854
-0.252694
-0.243535
-0.219852
-0.196169
-0.172486
-0.148803
-0.130889
-0.112974
-0.09506
-0.077145
-0.055489
-0.033833
-0.012177
0.009479
0.042474
0.075468
0.108463
0.141458
0.176266
0.211074
0.245882
0.28069
0.30451
0.328331
0.352151
0.375971
0.383545
0.391119
0.398694
0.406268
0.407403
0.408539
0.409674
0.410809
0.407464
0.404119
0.400774
0.397429
0.391691
0.385953
0.380215
0.374477
0.368374
0.36227
0.356166
0.350063
0.342443
0.334823
0.327203
0.319583
0.311696
0.303809
0.295923
0.288036
0.274389
0.260741
0.247094
0.233446
0.206342
0.179238
0.152133
0.125029
0.092088
0.059146
0.026205
-0.006736
-0.037902
-0.069068
-0.100234
-0.131399
-0.158869
-0.18634
-0.21381
-0.24128
-0.263622
-0.285963
-0.308305
-0.330647
-0.341963
-0.353278
-0.364594
-0.37591
-0.367574
-0.359237
-0.350901
-0.342565
-0.319278
-0.295991
-0.272705
-0.249418
-0.228646
-0.207874
-0.187102
-0.166329
-0.147958
-0.129586
-0.111214
-0.092842
-0.070226
-0.04761
-0.024994
-0.002377
0.011567
0.025512
0.039456
0.053401
0.053927
0.054453
0.054978
0.055504
0.047214
0.038923
0.030632
0.022342
0.010188
-0.001966
-0.01412
-0.026274
-0.039022
-0.05177
-0.064519
-0.077267
-0.088468
-0.09967
-0.110871
-0.122072
-0.129319
-0.136566
-0.143812
-0.151059
-0.157711
-0.164363
-0.171016
-0.177668
-0.187322
-0.196977
-0.206632
-0.216286
-0.225636
-0.234986
-0.244335
-0.253685
-0.264711
-0.275737
-0.286763
-0.29779
-0.299832
-0.301874
-0.303916
-0.305958
-0.296197
-0.286436
-0.276675
-0.266913
-0.255369
-0.243825
-0.23228
-0.220736
-0.206883
-0.19303
-0.179177
-0.165324
-0.153604
-0.141884
-0.130165
-0.118445
-0.113287
-0.108128
-0.102969
-0.09781
-0.09304
-0.08827
-0.0835
-0.07873
-0.066195
-0.05366
-0.041125
-0.02859
-0.00983
0.008931
0.027691
0.046452
0.066591
0.086731
0.106871
0.12701
0.145717
0.164424
0.183132
0.201839
0.216096
0.230353
0.24461
0.258867
0.265961
0.273055
0.280149
0.287244
0.283472
0.2797
0.275928
0.272156
0.258455
0.244754
0.231054
0.217353
0.203797
0.190241
0.176685
0.163129
0.157033
0.150937
0.144841
0.138745
0.135636
0.132527
0.129418
0.126309
0.121714
0.117119
0.112525
0.10793
0.105331
0.102733
0.100134
0.097536
0.099571
0.101605
0.10364
0.105674
0.10777
0.109865
0.111961
0.114056
0.116068
0.11808
0.120091
0.122103
0.124107
0.126111
0.128115
0.130119
0.130637
0.131155
0.131674
0.132192
0.133434
0.134676
0.135918
0.13716
0.139332
0.141503
0.143675
0.145847
0.145679
0.145512
0.145344
0.145176
0.138852
0.132527
0.126202
0.119878
0.105583
0.091288
0.076992
0.062697
0.039982
0.017267
-0.005448
-0.028164
-0.055771
-0.083378
-0.110985
-0.138593
-0.162306
-0.186019
-0.209733
-0.233446
-0.243368
-0.253289
-0.26321
-0.273131
-0.266289
-0.259446
-0.252603
-0.24576
-0.231846
-0.217932
-0.204018
-0.190104
-0.176197
-0.162291
-0.148384
-0.134478
-0.121905
-0.109332
-0.096759
-0.084186
-0.07575
-0.067315
-0.05888
-0.050444
-0.042718
-0.034991
-0.027264
-0.019538
-0.010516
-0.001494
0.007529
0.016551
0.027165
0.03778
0.048395
0.059009
0.066858
0.074706
0.082555
0.090404
0.089771
0.089139
0.088506
0.087874
0.081664
0.075453
0.069243
0.063033
0.060518
0.058003
0.055489
0.052974
0.055954
0.058933
0.061912
0.064892
0.068847
0.072801
0.076756
0.080711
0.086967
0.093223
0.099479
0.105735
0.114559
0.123383
0.132207
0.141031
0.145047
0.149062
0.153078
0.157094
0.14904
0.140985
0.132931
0.124877
0.108837
0.092796
0.076756
0.060716
0.042626
0.024536
0.006447
-0.011643
-0.030251
-0.048859
-0.067467
-0.086076
-0.101521
-0.116967
-0.132413
-0.147859
-0.1573
-0.166741
-0.176182
-0.185623
-0.190188
-0.194752
-0.199316
-0.203881
-0.201442
-0.199004
-0.196566
-0.194127
-0.180038
-0.165948
-0.151859
-0.13777
-0.116754
-0.095738
-0.074722
-0.053706
-0.035662
-0.017617
0.000427
0.018471
0.030884
0.043297
0.05571
0.068123
0.077503
0.086883
0.096263
0.105644
0.112692
0.119741
0.126789
0.133838
0.137053
0.140269
0.143485
0.1467
0.144948
0.143195
0.141442
0.13969
0.133167
0.126644
0.120122
0.113599
0.101651
0.089703
0.077754
0.065806
0.051465
0.037125
0.022784
0.008443
-0.004122
-0.016688
-0.029253
-0.041819
-0.052281
-0.062743
-0.073205
-0.083668
-0.091752
-0.099837
-0.107922
-0.116007
-0.12173
-0.127452
-0.133175
-0.138897
-0.144582
-0.150266
-0.155951
-0.161635
-0.168067
-0.174498
-0.180929
-0.187361
-0.188275
-0.189189
-0.190104
-0.191018
-0.183269
-0.175519
-0.16777
-0.16002
-0.150472
-0.140924
-0.131376
-0.121829
-0.113073
-0.104318
-0.095562
-0.086807
-0.074767
-0.062728
-0.050688
-0.038649
-0.023203
-0.007757
0.007689
0.023134
0.039144
0.055154
0.071163
0.087173
0.102215
0.117257
0.132298
0.14734
0.157765
0.168189
0.178613
0.189037
0.192504
0.195971
0.199438
0.202905
0.199713
0.19652
0.193327
0.190134
0.178864
0.167594
0.156324
0.145054
0.129068
0.113081
0.097094
0.081107
0.068054
0.055001
0.041948
0.028895
0.022487
0.016078
0.00967
0.003261
0.001615
-0.00003
-0.001676
-0.003322
-0.007666
-0.012009
-0.016353
-0.020696
-0.031516
-0.042337
-0.053157
-0.063978
-0.074927
-0.085877
-0.096827
-0.107777
-0.113835
-0.119893
-0.125951
-0.132009
-0.136406
-0.140802
-0.145199
-0.149596
-0.154656
-0.159715
-0.164775
-0.169835
-0.169667
-0.169499
-0.169332
-0.169164
-0.157719
-0.146274
-0.134828
-0.123383
-0.105659
-0.087935
-0.070211
-0.052487
-0.036347
-0.020208
-0.004069
0.01207
0.024133
0.036195
0.048257
0.06032
0.069159
0.077998
0.086838
0.095677
0.102756
0.109835
0.116914
0.123993
0.130173
0.136352
0.142532
0.148712
0.152011
0.155311
0.15861
0.16191
0.158984
0.156058
0.153132
0.150205
0.143454
0.136703
0.129952
0.1232
0.113043
0.102885
0.092728
0.08257
0.068222
0.053873
0.039525
0.025176
0.015743
0.006309
-0.003124
-0.012558
-0.021077
-0.029596
-0.038115
-0.046634
-0.047465
-0.048296
-0.049126
-0.049957
-0.044889
-0.039822
-0.034755
-0.029688
-0.021107
-0.012527
-0.003947
0.004633
0.012177
0.019721
0.027264
0.034808
0.041125
0.047442
0.053759
0.060076
0.064328
0.06858
0.072832
0.077084
0.080132
0.08318
0.086228
0.089276
0.091531
0.093787
0.096042
0.098298
0.096423
0.094549
0.092674
0.0908
0.0851
0.0794
0.073701
0.068001
0.061722
0.055443
0.049164
0.042885
0.036881
0.030876
0.024872
0.018867
0.010782
0.002697
-0.005387
-0.013472
-0.022106
-0.030739
-0.039373
-0.048006
-0.052989
-0.057973
-0.062956
-0.06794
-0.072352
-0.076764
-0.081176
-0.085588
-0.0908
-0.096012
-0.101224
-0.106436
-0.10607
-0.105705
-0.105339
-0.104973
-0.101803
-0.098633
-0.095463
-0.092293
-0.086281
-0.080269
-0.074257
-0.068245
-0.058743
-0.04924
-0.039738
-0.030236
-0.022189
-0.014143
-0.006096
0.001951
0.008595
0.01524
0.021885
0.028529
0.034564
0.040599
0.046634
0.052669
0.056007
0.059345
0.062682
0.06602
0.065905
0.065791
0.065677
0.065562
0.065715
0.065867
0.06602
0.066172
0.069593
0.073015
0.076436
0.079858
0.081801
0.083744
0.085687
0.08763
0.084986
0.082342
0.079698
0.077053
0.074562
0.07207
0.069578
0.067086
0.066515
0.065943
0.065372
0.0648
0.064808
0.064816
0.064823
0.064831
0.063955
0.063078
0.062202
0.061326
0.059543
0.05776
0.055977
0.054193
0.050132
0.046071
0.042009
0.037948
0.03304
0.028133
0.023226
0.018318
0.015392
0.012466
0.00954
0.006614
0.000541
-0.005532
-0.011605
-0.017678
-0.025047
-0.032415
-0.039784
-0.047153
-0.048273
-0.049393
-0.050513
-0.051633
-0.051976
-0.052319
-0.052662
-0.053005
-0.055512
-0.058019
-0.060526
-0.063033
-0.061791
-0.060549
-0.059306
-0.058064
-0.056159
-0.054254
-0.052349
-0.050444
-0.051839
-0.053233
-0.054628
-0.056022
-0.058301
-0.060579
-0.062857
-0.065136
-0.066942
-0.068748
-0.070554
-0.07236
-0.073617
-0.074874
-0.076131
-0.077389
-0.076825
-0.076261
-0.075697
-0.075133
-0.075004
-0.074874
-0.074745
-0.074615
-0.076048
-0.07748
-0.078913
-0.080345
-0.078539
-0.076733
-0.074927
-0.073122
-0.067467
-0.061813
-0.056159
-0.050505
-0.046086
-0.041666
-0.037247
-0.032827
-0.03016
-0.027493
-0.024826
-0.022159
-0.018578
-0.014996
-0.011415
-0.007833
-0.001135
0.005563
0.012261
0.018959
0.026434
0.033909
0.041384
0.048859
0.054658
0.060457
0.066256
0.072055
0.074889
0.077724
0.080559
0.083393
0.084422
0.085451
0.086479
0.087508
0.087508
0.087508
0.087508
0.087508
0.083424
0.079339
0.075255
0.071171
0.06461
0.058049
0.051488
0.044928
0.039304
0.03368
0.028057
0.022433
0.015651
0.00887
0.002088
-0.004694
-0.014821
-0.024948
-0.035075
-0.045202
-0.052677
-0.060152
-0.067628
-0.075103
-0.078097
-0.081092
-0.084087
-0.087081
-0.089314
-0.091547
-0.093779
-0.096012
-0.094633
-0.093254
-0.091874
-0.090495
-0.084681
-0.078867
-0.073053
-0.067239
-0.062591
-0.057942
-0.053294
-0.048646
-0.045103
-0.041559
-0.038016
-0.034473
-0.029017
-0.023561
-0.018105
-0.012649
-0.006614
-0.000579
0.005456
0.011491
0.014257
0.017023
0.019789
0.022555
0.025687
0.028819
0.031951
0.035082
0.041994
0.048905
0.055817
0.062728
0.067704
0.07268
0.077655
0.082631
0.08222
0.081808
0.081397
0.080985
0.076909
0.072832
0.068755
0.064679
0.05827
0.051862
0.045453
0.039045
0.031097
0.02315
0.015202
0.007254
0.001036
-0.005182
-0.0114
-0.017617
-0.021412
-0.025207
-0.029002
-0.032796
-0.036927
-0.041057
-0.045187
-0.049317
-0.054346
-0.059375
-0.064404
-0.069433
-0.074044
-0.078654
-0.083264
-0.087874
-0.090876
-0.093878
-0.096881
-0.099883
-0.100188
-0.100493
-0.100797
-0.101102
-0.097879
-0.094656
-0.091432
-0.088209
-0.081785
-0.075362
-0.068938
-0.062514
-0.056853
-0.051191
-0.04553
-0.039868
-0.037033
-0.034199
-0.031364
-0.028529
-0.024933
-0.021336
-0.017739
-0.014143
-0.008473
-0.002804
0.002865
0.008534
0.012908
0.017282
0.021656
0.02603
0.025657
0.025283
0.02491
0.024536
0.022342
0.020147
0.017953
0.015758
0.017023
0.018288
0.019553
0.020818
0.024338
0.027859
0.031379
0.0349
0.035692
0.036485
0.037277
0.03807
0.035799
0.033528
0.031257
0.028986
0.028247
0.027508
0.026769
0.02603
0.025382
0.024735
0.024087
0.023439
0.02142
0.019401
0.017381
0.015362
0.014486
0.013609
0.012733
0.011857
0.011095
0.010333
0.009571
0.008809
0.005578
0.002347
-0.000884
-0.004115
-0.009296
-0.014478
-0.01966
-0.024841
-0.02888
-0.032918
-0.036957
-0.040996
-0.042908
-0.044821
-0.046733
-0.048646
-0.050079
-0.051511
-0.052944
-0.054376
-0.056266
-0.058156
-0.060046
-0.061935
-0.063901
-0.065867
-0.067833
-0.069799
-0.067772
-0.065745
-0.063718
-0.061692
-0.053294
-0.044897
-0.0365
-0.028103
-0.016871
-0.005639
0.005593
0.016825
0.026586
0.036347
0.046109
0.05587
0.063414
0.070957
0.078501
0.086045
0.090884
0.095722
0.100561
0.1054
0.105087
0.104775
0.104463
0.10415
0.099746
0.095341
0.090937
0.086533
0.082288
0.078044
0.0738
0.069555
0.066012
0.062469
0.058925
0.055382
0.05014
0.044897
0.039654
0.034412
0.027142
0.019873
0.012603
0.005334
-0.001547
-0.008428
-0.015309
-0.022189
-0.026868
-0.031547
-0.036225
-0.040904
-0.043076
-0.045248
-0.047419
-0.049591
-0.051511
-0.053431
-0.055352
-0.057272
-0.062621
-0.06797
-0.07332
-0.078669
-0.083462
-0.088255
-0.093048
-0.097841
-0.095974
-0.094107
-0.09224
-0.090373
-0.084087
-0.0778
-0.071514
-0.065227
-0.060556
-0.055885
-0.051214
-0.046543
-0.044082
-0.04162
-0.039159
-0.036698
-0.033139
-0.029581
-0.026022
-0.022464
-0.017069
-0.011674
-0.006279
-0.000884
0.001676
0.004237
0.006797
0.009357
0.00618
0.003002
-0.000175
-0.003353
-0.009373
-0.015392
-0.021412
-0.027432
-0.032492
-0.037551
-0.042611
-0.047671
-0.05014
-0.052608
-0.055077
-0.057546
-0.059002
-0.060457
-0.061913
-0.063368
-0.065121
-0.066873
-0.068626
-0.070378
-0.072001
-0.073624
-0.075248
-0.076871
-0.078768
-0.080665
-0.082563
-0.08446
-0.084643
-0.084826
-0.085009
-0.085192
-0.081511
-0.077831
-0.07415
-0.07047
-0.064008
-0.057546
-0.051084
-0.044623
-0.037193
-0.029764
-0.022334
-0.014905
-0.006454
0.001996
0.010447
0.018898
0.028087
0.037277
0.046467
0.055656
0.064465
0.073274
0.082083
0.090891
0.09986
0.108829
0.117798
0.126766
0.134935
0.143104
0.151272
0.159441
0.163525
0.16761
0.171694
0.175778
0.176494
0.177211
0.177927
0.178643
0.179238
0.179832
0.180426
0.181021
0.181204
0.181387
0.181569
0.181752
0.177866
0.17398
0.170094
0.166207
0.157803
0.149398
0.140993
0.132588
0.123307
0.114026
0.104745
0.095463
0.086967
0.078471
0.069974
0.061478
0.052898
0.044318
0.035738
0.027158
0.018821
0.010485
0.002149
-0.006187
-0.01303
-0.019873
-0.026716
-0.033558
-0.037544
-0.041529
-0.045514
-0.0495
-0.051214
-0.052929
-0.054643
-0.056358
-0.056365
-0.056373
-0.05638
-0.056388
-0.054544
-0.0527
-0.050856
-0.049012
-0.046916
-0.044821
-0.042725
-0.04063
-0.038763
-0.036896
-0.035029
-0.033162
-0.030084
-0.027005
-0.023927
-0.020848
-0.018037
-0.015225
-0.012413
-0.009601
-0.010599
-0.011598
-0.012596
-0.013594
-0.015819
-0.018044
-0.020269
-0.022494
-0.022586
-0.022677
-0.022769
-0.02286
-0.023104
-0.023348
-0.023592
-0.023835
-0.026777
-0.029718
-0.032659
-0.035601
-0.038443
-0.041285
-0.044127
-0.04697
-0.046352
-0.045735
-0.045118
-0.044501
-0.041422
-0.038344
-0.035265
-0.032187
-0.030427
-0.028666
-0.026906
-0.025146
-0.025329
-0.025512
-0.025695
-0.025878
-0.022433
-0.018989
-0.015545
-0.012101
-0.002774
0.006553
0.01588
0.025207
0.036043
0.046878
0.057714
0.06855
0.076284
0.084018
0.091752
0.099487
0.104204
0.10892
0.113637
0.118354
0.120907
0.123459
0.126012
0.128565
0.127239
0.125913
0.124587
0.123261
0.118064
0.112867
0.107671
0.102474
0.094625
0.086777
0.078928
0.071079
0.061234
0.051389
0.041544
0.031699
0.022128
0.012558
0.002987
-0.006584
-0.013708
-0.020833
-0.027958
-0.035082
-0.040676
-0.046269
-0.051862
-0.057455
-0.063246
-0.069037
-0.074828
-0.08062
-0.085466
-0.090312
-0.095159
-0.100005
-0.101323
-0.102641
-0.10396
-0.105278
-0.102649
-0.10002
-0.097391
-0.094762
-0.089413
-0.084064
-0.078715
-0.073365
-0.066774
-0.060183
-0.053591
-0.047
-0.038885
-0.03077
-0.022654
-0.014539
-0.006165
0.00221
0.010584
0.018959
0.026053
0.033147
0.040241
0.047335
0.052471
0.057607
0.062743
0.067879
0.069936
0.071994
0.074051
0.076109
0.076832
0.077556
0.07828
0.079004
0.080757
0.082509
0.084262
0.086015
0.086914
0.087813
0.088712
0.089611
0.086998
0.084384
0.08177
0.079157
0.074684
0.070211
0.065738
0.061265
0.057607
0.05395
0.050292
0.046634
0.044028
0.041422
0.038816
0.03621
0.034679
0.033147
0.031615
0.030084
0.030107
0.030129
0.030152
0.030175
0.030267
0.030358
0.03045
0.030541
0.028202
0.025862
0.023523
0.021184
0.017709
0.014234
0.010759
0.007285
0.005288
0.003292
0.001295
-0.000701
-0.002812
-0.004923
-0.007033
-0.009144
-0.012375
-0.015606
-0.018837
-0.022068
-0.024826
-0.027584
-0.030343
-0.033101
-0.036279
-0.039456
-0.042634
-0.045811
-0.049957
-0.054102
-0.058247
-0.062393
-0.065616
-0.068839
-0.072062
-0.075286
-0.077457
-0.079629
-0.081801
-0.083972
-0.083332
-0.082692
-0.082052
-0.081412
-0.075491
-0.069571
-0.06365
-0.057729
-0.052578
-0.047427
-0.042276
-0.037125
-0.036446
-0.035768
-0.03509
-0.034412
-0.033764
-0.033117
-0.032469
-0.031821
-0.03
-0.028179
-0.026358
-0.024536
-0.022807
-0.021077
-0.019347
-0.017617
-0.016886
-0.016154
-0.015423
-0.014691
-0.016574
-0.018456
-0.020338
-0.02222
-0.025077
-0.027935
-0.030792
-0.03365
-0.033033
-0.032415
-0.031798
-0.031181
-0.027508
-0.023835
-0.020163
-0.01649
-0.012291
-0.008092
-0.003894
0.000305
0.00477
0.009235
0.013701
0.018166
0.020765
0.023363
0.025961
0.02856
0.028491
0.028423
0.028354
0.028285
0.028232
0.028179
0.028125
0.028072
0.027493
0.026914
0.026335
0.025756
0.023051
0.020345
0.01764
0.014935
0.012123
0.009312
0.0065
0.003688
0.002355
0.001021
-0.000312
-0.001646
-0.003741
-0.005837
-0.007932
-0.010028
-0.013038
-0.016048
-0.019058
-0.022068
-0.02209
-0.022113
-0.022136
-0.022159
-0.020231
-0.018303
-0.016375
-0.014448
-0.013266
-0.012085
-0.010904
-0.009723
-0.008481
-0.007239
-0.005997
-0.004755
-0.00336
-0.001966
-0.000571
0.000823
0.00333
0.005837
0.008344
0.010851
0.014364
0.017877
0.021389
0.024902
0.026746
0.02859
0.030434
0.032278
0.032355
0.032431
0.032507
0.032583
0.031661
0.030739
0.029817
0.028895
0.025321
0.021747
0.018174
0.0146
0.010272
0.005944
0.001615
-0.002713
-0.005075
-0.007437
-0.009799
-0.012162
-0.014341
-0.01652
-0.018699
-0.020879
-0.022578
-0.024277
-0.025977
-0.027676
-0.027196
-0.026716
-0.026236
-0.025756
-0.025763
-0.025771
-0.025778
-0.025786
-0.026998
-0.028209
-0.029421
-0.030632
-0.030411
-0.03019
-0.029969
-0.029748
-0.027843
-0.025938
-0.024033
-0.022128
-0.021069
-0.02001
-0.018951
-0.017892
-0.017907
-0.017922
-0.017937
-0.017953
-0.017236
-0.01652
-0.015804
-0.015088
-0.012946
-0.010805
-0.008664
-0.006523
-0.00509
-0.003658
-0.002225
-0.000792
-0.001105
-0.001417
-0.00173
-0.002042
-0.002035
-0.002027
-0.002019
-0.002012
-0.001585
-0.001158
-0.000732
-0.000305
-0.000472
-0.00064
-0.000808
-0.000975
-0.001006
-0.001036
-0.001067
-0.001097
-0.001059
-0.001021
-0.000983
-0.000945
-0.002057
-0.00317
-0.004282
-0.005395
-0.007719
-0.010043
-0.012367
-0.014691
-0.017069
-0.019446
-0.021824
-0.024201
-0.025497
-0.026792
-0.028087
-0.029383
-0.030259
-0.031135
-0.032012
-0.032888
-0.033406
-0.033924
-0.034442
-0.034961
-0.032911
-0.030861
-0.028811
-0.026761
-0.021694
-0.016627
-0.01156
-0.006492
-0.00096
0.004572
0.010104
0.015636
0.019423
0.023211
0.026998
0.030785
0.031577
0.03237
0.033162
0.033955
0.030922
0.027889
0.024856
0.021824
0.016505
0.011186
0.005867
0.000549
-0.004938
-0.010424
-0.015911
-0.021397
-0.025916
-0.030434
-0.034953
-0.039472
-0.042535
-0.045598
-0.048661
-0.051725
-0.05395
-0.056175
-0.0584
-0.060625
-0.061341
-0.062057
-0.062774
-0.06349
-0.060716
-0.057942
-0.055169
-0.052395
-0.046581
-0.040767
-0.034953
-0.029139
-0.022243
-0.015347
-0.008451
-0.001554
0.006576
0.014707
0.022837
0.030968
0.040782
0.050597
0.060411
0.070226
0.079332
0.088438
0.097544
0.10665
0.113264
0.119878
0.126492
0.133106
0.137091
0.141077
0.145062
0.149047
0.150274
0.151501
0.152728
0.153955
0.15288
0.151806
0.150731
0.149657
0.146655
0.143652
0.14065
0.137648
0.131841
0.126035
0.120228
0.114422
0.105834
0.097246
0.088659
0.080071
0.070607
0.061143
0.051679
0.042215
0.032134
0.022052
0.011971
0.00189
-0.00858
-0.01905
-0.02952
-0.03999
-0.048715
-0.05744
-0.066164
-0.074889
-0.081671
-0.088453
-0.095235
-0.102017
-0.107465
-0.112913
-0.118362
-0.12381
-0.125425
-0.127041
-0.128656
-0.130272
-0.126599
-0.122926
-0.119253
-0.11558
-0.109492
-0.103403
-0.097315
-0.091227
-0.08539
-0.079553
-0.073716
-0.067879
-0.06317
-0.058461
-0.053751
-0.049042
-0.042428
-0.035814
-0.0292
-0.022586
-0.013221
-0.003856
0.005509
0.014874
0.023035
0.031196
0.039357
0.047518
0.052509
0.057501
0.062492
0.067483
0.070081
0.07268
0.075278
0.077876
0.076124
0.074371
0.072619
0.070866
0.063657
0.056449
0.04924
0.042032
0.033566
0.0251
0.016634
0.008169
0.000937
-0.006294
-0.013526
-0.020757
-0.027287
-0.033818
-0.040348
-0.046878
-0.05193
-0.056982
-0.062034
-0.067086
-0.070965
-0.074844
-0.078722
-0.082601
-0.086274
-0.089946
-0.093619
-0.097292
-0.09877
-0.100249
-0.101727
-0.103205
-0.100813
-0.09842
-0.096027
-0.093635
-0.088011
-0.082387
-0.076764
-0.07114
-0.063261
-0.055382
-0.047503
-0.039624
-0.030945
-0.022266
-0.013586
-0.004907
0.002286
0.009479
0.016673
0.023866
0.028918
0.03397
0.039022
0.044074
0.047305
0.050536
0.053767
0.056998
0.05779
0.058583
0.059375
0.060168
0.058285
0.056403
0.054521
0.052639
0.050147
0.047655
0.045164
0.042672
0.039845
0.037018
0.034191
0.031364
0.026784
0.022205
0.017625
0.013045
0.008176
0.003307
-0.001562
-0.006431
-0.009037
-0.011643
-0.014249
-0.016855
-0.017465
-0.018075
-0.018684
-0.019294
-0.019675
-0.020056
-0.020437
-0.020818
-0.020269
-0.019721
-0.019172
-0.018623
-0.015194
-0.011765
-0.008336
-0.004907
0.000008
0.004923
0.009837
0.014752
0.018288
0.021824
0.025359
0.028895
0.029901
0.030907
0.031913
0.032918
0.032545
0.032172
0.031798
0.031425
0.030526
0.029627
0.028727
0.027828
0.025161
0.022494
0.019827
0.01716
0.012451
0.007742
0.003033
-0.001676
-0.007056
-0.012436
-0.017816
-0.023195
-0.027897
-0.032598
-0.0373
-0.042001
-0.044943
-0.047884
-0.050825
-0.053767
-0.052913
-0.05206
-0.051206
-0.050353
-0.044943
-0.039533
-0.034122
-0.028712
-0.022494
-0.016276
-0.010058
-0.00384
-0.001478
0.000884
0.003246
0.005608
0.006995
0.008382
0.009769
0.011156
0.015651
0.020147
0.024643
0.029139
0.033932
0.038725
0.043518
0.048311
0.050048
0.051786
0.053523
0.05526
0.05334
0.05142
0.0495
0.047579
0.043464
0.03935
0.035235
0.03112
0.026723
0.022327
0.01793
0.013533
0.010988
0.008443
0.005898
0.003353
0.003467
0.003581
0.003696
0.00381
0.004648
0.005486
0.006325
0.007163
0.007993
0.008824
0.009655
0.010485
0.011956
0.013426
0.014897
0.016368
0.017198
0.018029
0.01886
0.01969
0.018014
0.016337
0.014661
0.012984
0.010013
0.007041
0.004069
0.001097
-0.00128
-0.003658
-0.006035
-0.008412
-0.00938
-0.010348
-0.011316
-0.012283
-0.011788
-0.011293
-0.010798
-0.010302
-0.010798
-0.011293
-0.011788
-0.012283
-0.015042
-0.0178
-0.020559
-0.023317
-0.025481
-0.027645
-0.029809
-0.031974
-0.031722
-0.031471
-0.031219
-0.030968
-0.02907
-0.027173
-0.025276
-0.023378
-0.020825
-0.018273
-0.01572
-0.013167
-0.011171
-0.009174
-0.007178
-0.005182
-0.004587
-0.003993
-0.003399
-0.002804
-0.001989
-0.001173
-0.000358
0.000457
0.00269
0.004923
0.007155
0.009388
0.012002
0.014615
0.017229
0.019842
0.022289
0.024735
0.027181
0.029627
0.031577
0.033528
0.035479
0.037429
0.037955
0.038481
0.039007
0.039533
0.038938
0.038344
0.037749
0.037155
0.03634
0.035524
0.034709
0.033894
0.03269
0.031486
0.030282
0.029078
0.026571
0.024064
0.021557
0.01905
0.015453
0.011857
0.00826
0.004663
0.000419
-0.003825
-0.00807
-0.012314
-0.016894
-0.021473
-0.026053
-0.030632
-0.032949
-0.035265
-0.037582
-0.039898
-0.038664
-0.037429
-0.036195
-0.034961
-0.033177
-0.031394
-0.029611
-0.027828
-0.02824
-0.028651
-0.029063
-0.029474
-0.031356
-0.033238
-0.035121
-0.037003
-0.03778
-0.038557
-0.039334
-0.040112
-0.038771
-0.037429
-0.036088
-0.034747
-0.032134
-0.02952
-0.026906
-0.024293
-0.020963
-0.017633
-0.014303
-0.010973
-0.007033
-0.003094
0.000846
0.004785
0.007925
0.011064
0.014204
0.017343
0.019309
0.021275
0.023241
0.025207
0.026457
0.027706
0.028956
0.030206
0.030632
0.031059
0.031486
0.031913
0.031638
0.031364
0.03109
0.030815
0.029489
0.028164
0.026838
0.025512
0.023294
0.021077
0.01886
0.016642
0.015773
0.014905
0.014036
0.013167
0.013762
0.014356
0.01495
0.015545
0.015149
0.014752
0.014356
0.01396
0.013449
0.012939
0.012428
0.011918
0.012596
0.013274
0.013952
0.01463
0.014768
0.014905
0.015042
0.015179
0.014082
0.012984
0.011887
0.01079
0.009929
0.009068
0.008207
0.007346
0.007948
0.00855
0.009152
0.009754
0.010058
0.010363
0.010668
0.010973
0.010531
0.010089
0.009647
0.009205
0.009502
0.009799
0.010097
0.010394
0.009578
0.008763
0.007948
0.007132
0.004267
0.001402
-0.001463
-0.004328
-0.00634
-0.008352
-0.010363
-0.012375
-0.012748
-0.013122
-0.013495
-0.013868
-0.013663
-0.013457
-0.013251
-0.013045
-0.012512
-0.011979
-0.011445
-0.010912
-0.009388
-0.007864
-0.00634
-0.004816
-0.00349
-0.002164
-0.000838
0.000488
-0.000114
-0.000716
-0.001318
-0.00192
-0.003216
-0.004511
-0.005806
-0.007102
-0.007483
-0.007864
-0.008245
-0.008626
-0.008618
-0.008611
-0.008603
-0.008595
-0.008687
-0.008778
-0.00887
-0.008961
-0.00858
-0.008199
-0.007818
-0.007437
-0.007475
-0.007513
-0.007551
-0.00759
-0.008192
-0.008793
-0.009395
-0.009997
-0.009533
-0.009068
-0.008603
-0.008138
-0.00759
-0.007041
-0.006492
-0.005944
-0.006043
-0.006142
-0.006241
-0.00634
-0.005677
-0.005014
-0.004351
-0.003688
-0.003399
-0.003109
-0.002819
-0.00253
-0.002797
-0.003063
-0.00333
-0.003597
-0.003376
-0.003155
-0.002934
-0.002713
-0.003162
-0.003612
-0.004061
-0.004511
-0.006287
-0.008062
-0.009837
-0.011613
-0.013457
-0.015301
-0.017145
-0.018989
-0.019782
-0.020574
-0.021366
-0.022159
-0.021847
-0.021534
-0.021222
-0.020909
-0.019576
-0.018242
-0.016909
-0.015575
-0.013335
-0.011095
-0.008854
-0.006614
-0.003368
-0.000122
0.003124
0.00637
0.010005
0.01364
0.017275
0.020909
0.023805
0.0267
0.029596
0.032492
0.033947
0.035403
0.036858
0.038313
0.038466
0.038618
0.038771
0.038923
0.037285
0.035646
0.034008
0.03237
0.029139
0.025908
0.022677
0.019446
0.016032
0.012619
0.009205
0.005791
0.002431
-0.00093
-0.00429
-0.00765
-0.011407
-0.015164
-0.01892
-0.022677
-0.025885
-0.029093
-0.032301
-0.035509
-0.037529
-0.039548
-0.041567
-0.043586
-0.043823
-0.044059
-0.044295
-0.044531
-0.042634
-0.040737
-0.038839
-0.036942
-0.034435
-0.031928
-0.029421
-0.026914
-0.024788
-0.022662
-0.020536
-0.01841
-0.015941
-0.013472
-0.011003
-0.008534
-0.005723
-0.002911
-0.000099
0.002713
0.0049
0.007087
0.009274
0.01146
0.01268
0.013899
0.015118
0.016337
0.016977
0.017617
0.018258
0.018898
0.018951
0.019004
0.019058
0.019111
0.018471
0.017831
0.017191
0.016551
0.014783
0.013015
0.011247
0.009479
0.006896
0.004313
0.00173
-0.000853
-0.004382
-0.00791
-0.011438
-0.014966
-0.01556
-0.016154
-0.016749
-0.017343
-0.016855
-0.016368
-0.01588
-0.015392
-0.014455
-0.013518
-0.012581
-0.011643
-0.010295
-0.008946
-0.007597
-0.006248
-0.004389
-0.00253
-0.000671
0.001189
0.002057
0.002926
0.003795
0.004663
0.004001
0.003338
0.002675
0.002012
0.001242
0.000472
-0.000297
-0.001067
-0.001463
-0.001859
-0.002256
-0.002652
-0.002568
-0.002484
-0.0024
-0.002316
-0.002004
-0.001692
-0.001379
-0.001067
-0.001387
-0.001707
-0.002027
-0.002347
-0.003155
-0.003962
-0.00477
-0.005578
-0.006241
-0.006904
-0.007567
-0.00823
-0.00807
-0.00791
-0.00775
-0.00759
-0.006378
-0.005166
-0.003955
-0.002743
-0.001105
0.000533
0.002172
0.00381
0.005532
0.007254
0.008976
0.010698
0.012741
0.014783
0.016825
0.018867
0.020871
0.022875
0.024879
0.026883
0.028087
0.029291
0.030495
0.031699
0.032675
0.03365
0.034625
0.035601
0.036309
0.037018
0.037727
0.038435
0.03794
0.037445
0.036949
0.036454
0.034305
0.032156
0.030008
0.027859
0.024681
0.021504
0.018326
0.015149
0.012497
0.009845
0.007193
0.004542
0.002637
0.000732
-0.001173
-0.003078
-0.004839
-0.006599
-0.008359
-0.010119
-0.011575
-0.01303
-0.014486
-0.015941
-0.016528
-0.017115
-0.017701
-0.018288
-0.017892
-0.017496
-0.017099
-0.016703
-0.015674
-0.014646
-0.013617
-0.012588
-0.011377
-0.010165
-0.008953
-0.007742
-0.006652
-0.005563
-0.004473
-0.003383
-0.002027
-0.000671
0.000686
0.002042
0.004031
0.00602
0.008009
0.009997
0.011361
0.012725
0.014089
0.015453
0.014577
0.013701
0.012824
0.011948
0.009357
0.006767
0.004176
0.001585
-0.001158
-0.003901
-0.006645
-0.009388
-0.011483
-0.013579
-0.015674
-0.01777
-0.018113
-0.018456
-0.018799
-0.019141
-0.018151
-0.01716
-0.01617
-0.015179
-0.014417
-0.013655
-0.012893
-0.012131
-0.011323
-0.010516
-0.009708
-0.0089
-0.007308
-0.005715
-0.004122
-0.00253
-0.000724
0.001082
0.002888
0.004694
0.005867
0.007041
0.008214
0.009388
0.009647
0.009906
0.010165
0.010424
0.010295
0.010165
0.010036
0.009906
0.009174
0.008443
0.007711
0.00698
0.005037
0.003094
0.001151
-0.000792
-0.002446
-0.0041
-0.005753
-0.007407
-0.007673
-0.00794
-0.008207
-0.008473
-0.008169
-0.007864
-0.007559
-0.007254
-0.006995
-0.006736
-0.006477
-0.006218
-0.005486
-0.004755
-0.004023
-0.003292
-0.002347
-0.001402
-0.000457
0.000488
0.000831
0.001173
0.001516
0.001859
0.002248
0.002637
0.003025
0.003414
0.003993
0.004572
0.005151
0.00573
0.005791
0.005852
0.005913
0.005974
0.005121
0.004267
0.003414
0.00256
0.00128
0
-0.00128
-0.00256
-0.00304
-0.00352
-0.004
-0.004481
-0.004435
-0.004389
-0.004343
-0.004298
-0.003802
-0.003307
-0.002812
-0.002316
-0.00077
0.000777
0.002324
0.003871
0.005166
0.006462
0.007757
0.009053
0.009274
0.009495
0.009715
0.009936
0.009251
0.008565
0.007879
0.007193
0.006507
0.005822
0.005136
0.00445
0.004176
0.003901
0.003627
0.003353
0.003239
0.003124
0.00301
0.002896
0.003208
0.00352
0.003833
0.004145
0.00474
0.005334
0.005928
0.006523
0.007544
0.008565
0.009586
0.010607
0.01223
0.013853
0.015476
0.017099
0.018616
0.020132
0.021648
0.023165
0.02411
0.025055
0.025999
0.026944
0.027432
0.02792
0.028407
0.028895
0.028171
0.027447
0.026723
0.025999
0.023538
0.021077
0.018616
0.016154
0.012832
0.00951
0.006187
0.002865
-0.000549
-0.003962
-0.007376
-0.01079
-0.01399
-0.017191
-0.020391
-0.023592
-0.0259
-0.028209
-0.030518
-0.032827
-0.034199
-0.03557
-0.036942
-0.038313
-0.040074
-0.041834
-0.043594
-0.045354
-0.047419
-0.049484
-0.051549
-0.053614
-0.054148
-0.054681
-0.055215
-0.055748
-0.054079
-0.05241
-0.050742
-0.049073
-0.045926
-0.042779
-0.039632
-0.036485
-0.033391
-0.030297
-0.027203
-0.02411
-0.021412
-0.018715
-0.016017
-0.01332
-0.010378
-0.007437
-0.004496
-0.001554
0.001113
0.00378
0.006447
0.009114
0.011354
0.013594
0.015834
0.018075
0.019972
0.021869
0.023767
0.025664
0.026693
0.027722
0.02875
0.029779
0.029436
0.029093
0.02875
0.028407
0.027028
0.025649
0.02427
0.02289
0.021016
0.019141
0.017267
0.015392
0.013373
0.011354
0.009334
0.007315
0.005433
0.003551
0.001669
-0.000213
-0.001966
-0.003719
-0.005471
-0.007224
-0.008161
-0.009098
-0.010036
-0.010973
-0.010592
-0.010211
-0.00983
-0.009449
-0.008184
-0.006919
-0.005654
-0.004389
-0.002301
-0.000213
0.001875
0.003962
0.006172
0.008382
0.010592
0.012802
0.013518
0.014234
0.01495
0.015667
0.015453
0.01524
0.015027
0.014813
0.01476
0.014707
0.014653
0.0146
0.014249
0.013899
0.013548
0.013198
0.012764
0.012329
0.011895
0.01146
0.011079
0.010698
0.010317
0.009936
0.008946
0.007955
0.006965
0.005974
0.004473
0.002972
0.001471
-0.00003
-0.001341
-0.002652
-0.003962
-0.005273
-0.005829
-0.006386
-0.006942
-0.007498
-0.007125
-0.006751
-0.006378
-0.006005
-0.005067
-0.00413
-0.003193
-0.002256
-0.001181
-0.000107
0.000968
0.002042
0.002774
0.003505
0.004237
0.004968
0.005578
0.006187
0.006797
0.007407
0.008207
0.009007
0.009807
0.010607
0.010538
0.01047
0.010401
0.010333
0.00903
0.007727
0.006424
0.005121
0.003307
0.001494
-0.00032
-0.002134
-0.00384
-0.005547
-0.007254
-0.008961
-0.010409
-0.011857
-0.013305
-0.014752
-0.015499
-0.016246
-0.016993
-0.017739
-0.016977
-0.016215
-0.015453
-0.014691
-0.012588
-0.010485
-0.008382
-0.006279
-0.003688
-0.001097
0.001494
0.004084
0.006134
0.008184
0.010234
0.012283
0.013145
0.014006
0.014867
0.015728
0.015301
0.014874
0.014448
0.014021
0.012459
0.010897
0.009335
0.007772
0.005471
0.00317
0.000869
-0.001433
-0.003871
-0.006309
-0.008748
-0.011186
-0.013358
-0.01553
-0.017701
-0.019873
-0.021603
-0.023332
-0.025062
-0.026792
-0.027661
-0.028529
-0.029398
-0.030267
-0.030076
-0.029886
-0.029695
-0.029505
-0.028621
-0.027737
-0.026853
-0.025969
-0.024026
-0.022083
-0.02014
-0.018197
-0.015126
-0.012055
-0.008984
-0.005913
-0.003139
-0.000366
0.002408
0.005182
0.007056
0.008931
0.010805
0.01268
0.014265
0.01585
0.017435
0.01902
0.02001
0.021001
0.021991
0.022982
0.02318
0.023378
0.023576
0.023774
0.023439
0.023104
0.022769
0.022433
0.021275
0.020117
0.018959
0.0178
0.016071
0.014341
0.012611
0.010881
0.009571
0.00826
0.006949
0.005639
0.005608
0.005578
0.005547
0.005517
0.006096
0.006675
0.007254
0.007833
0.007506
0.007178
0.00685
0.006523
0.00522
0.003917
0.002614
0.001311
-0.000076
-0.001463
-0.00285
-0.004237
-0.004686
-0.005136
-0.005585
-0.006035
-0.00541
-0.004785
-0.004161
-0.003536
-0.002835
-0.002134
-0.001433
-0.000732
-0.000427
-0.000122
0.000183
0.000488
0.000358
0.000229
0.000099
-0.00003
0.00013
0.00029
0.00045
0.00061
0.001448
0.002286
0.003124
0.003962
0.00461
0.005258
0.005906
0.006553
0.00666
0.006767
0.006873
0.00698
0.006919
0.006858
0.006797
0.006736
0.006698
0.00666
0.006622
0.006584
0.006485
0.006386
0.006287
0.006187
0.006058
0.005928
0.005799
0.005669
0.005791
0.005913
0.006035
0.006157
0.006248
0.00634
0.006431
0.006523
0.006332
0.006142
0.005951
0.005761
0.004823
0.003886
0.002949
0.002012
-0.000297
-0.002606
-0.004915
-0.007224
-0.009891
-0.012558
-0.015225
-0.017892
-0.01934
-0.020787
-0.022235
-0.023683
-0.023523
-0.023363
-0.023203
-0.023043
-0.022258
-0.021473
-0.020688
-0.019903
-0.019782
-0.01966
-0.019538
-0.019416
-0.019652
-0.019888
-0.020124
-0.020361
-0.019881
-0.019401
-0.01892
-0.01844
-0.016955
-0.015469
-0.013983
-0.012497
-0.010165
-0.007833
-0.005502
-0.00317
-0.001029
0.001113
0.003254
0.005395
0.00666
0.007925
0.00919
0.010455
0.011514
0.012573
0.013632
0.014691
0.015621
0.016551
0.01748
0.01841
0.018646
0.018882
0.019119
0.019355
0.018867
0.018379
0.017892
0.017404
0.016231
0.015057
0.013884
0.01271
0.011605
0.0105
0.009395
0.008291
0.007346
0.006401
0.005456
0.004511
0.003437
0.002362
0.001288
0.000213
-0.000457
-0.001128
-0.001798
-0.002469
-0.002614
-0.002758
-0.002903
-0.003048
-0.002743
-0.002438
-0.002134
-0.001829
-0.00112
-0.000411
0.000297
0.001006
0.001875
0.002743
0.003612
0.004481
0.005281
0.006081
0.006881
0.007681
0.008481
0.009281
0.010081
0.010881
0.011544
0.012207
0.01287
0.013533
0.013289
0.013045
0.012802
0.012558
0.011331
0.010104
0.008877
0.00765
0.005921
0.004191
0.002461
0.000732
-0.000663
-0.002057
-0.003452
-0.004846
-0.00541
-0.005974
-0.006538
-0.007102
-0.007247
-0.007391
-0.007536
-0.007681
-0.008108
-0.008534
-0.008961
-0.009388
-0.009715
-0.010043
-0.010371
-0.010698
-0.010424
-0.01015
-0.009876
-0.009601
-0.008992
-0.008382
-0.007772
-0.007163
-0.005906
-0.004648
-0.003391
-0.002134
-0.001036
0.000061
0.001158
0.002256
0.002134
0.002012
0.00189
0.001768
0.0016
0.001433
0.001265
0.001097
0.001836
0.002576
0.003315
0.004054
0.004122
0.004191
0.00426
0.004328
0.003978
0.003627
0.003277
0.002926
0.003078
0.003231
0.003383
0.003536
0.003597
0.003658
0.003719
0.00378
0.003444
0.003109
0.002774
0.002438
0.002385
0.002332
0.002278
0.002225
0.00253
0.002835
0.003139
0.003444
0.003795
0.004145
0.004496
0.004846
0.005204
0.005563
0.005921
0.006279
0.006248
0.006218
0.006187
0.006157
0.00525
0.004343
0.003437
0.00253
0.000899
-0.000732
-0.002362
-0.003993
-0.005067
-0.006142
-0.007216
-0.008291
-0.007955
-0.00762
-0.007285
-0.006949
-0.006401
-0.005852
-0.005304
-0.004755
-0.004732
-0.004709
-0.004686
-0.004663
-0.004618
-0.004572
-0.004526
-0.004481
-0.004069
-0.003658
-0.003246
-0.002835
-0.002263
-0.001692
-0.00112
-0.000549
-0.000198
0.000152
0.000503
0.000853
0.000762
0.000671
0.000579
0.000488
-0.000648
-0.001783
-0.002918
-0.004054
-0.005745
-0.007437
-0.009129
-0.01082
-0.011567
-0.012314
-0.013061
-0.013807
-0.013632
-0.013457
-0.013282
-0.013106
-0.012664
-0.012222
-0.011781
-0.011339
-0.010424
-0.00951
-0.008595
-0.007681
-0.006591
-0.005502
-0.004412
-0.003322
-0.002614
-0.001905
-0.001196
-0.000488
0.000099
0.000686
0.001273
0.001859
0.002659
0.003459
0.00426
0.00506
0.005022
0.004983
0.004945
0.004907
0.004046
0.003185
0.002324
0.001463
0.001486
0.001509
0.001532
0.001554
0.002301
0.003048
0.003795
0.004542
0.00442
0.004298
0.004176
0.004054
0.002416
0.000777
-0.000861
-0.002499
-0.00397
-0.005441
-0.006911
-0.008382
-0.00839
-0.008397
-0.008405
-0.008412
-0.007742
-0.007071
-0.006401
-0.00573
-0.004907
-0.004084
-0.003261
-0.002438
-0.001867
-0.001295
-0.000724
-0.000152
-0.000069
0.000015
0.000099
0.000183
0.000389
0.000594
0.0008
0.001006
0.001859
0.002713
0.003566
0.00442
0.005159
0.005898
0.006637
0.007376
0.00743
0.007483
0.007536
0.00759
0.007361
0.007132
0.006904
0.006675
0.006317
0.005959
0.005601
0.005243
0.004488
0.003734
0.002979
0.002225
0.001364
0.000503
-0.000358
-0.001219
-0.001113
-0.001006
-0.000899
-0.000792
-0.000114
0.000564
0.001242
0.00192
0.002172
0.002423
0.002675
0.002926
0.003033
0.003139
0.003246
0.003353
0.003665
0.003978
0.00429
0.004602
0.004976
0.005349
0.005723
0.006096
0.006629
0.007163
0.007696
0.00823
0.008633
0.009037
0.009441
0.009845
0.009472
0.009098
0.008725
0.008352
0.007369
0.006386
0.005403
0.00442
0.003467
0.002515
0.001562
0.00061
-0.000305
-0.001219
-0.002134
-0.003048
-0.004077
-0.005105
-0.006134
-0.007163
-0.007742
-0.008321
-0.0089
-0.009479
-0.009235
-0.008992
-0.008748
-0.008504
-0.007673
-0.006843
-0.006012
-0.005182
-0.004252
-0.003322
-0.002393
-0.001463
-0.000861
-0.000259
0.000343
0.000945
0.001288
0.001631
0.001974
0.002316
0.002416
0.002515
0.002614
0.002713
0.002118
0.001524
0.00093
0.000335
-0.000465
-0.001265
-0.002065
-0.002865
-0.00333
-0.003795
-0.00426
-0.004724
-0.005159
-0.005593
-0.006027
-0.006462
-0.006629
-0.006797
-0.006965
-0.007132
-0.007026
-0.006919
-0.006812
-0.006706
-0.007308
-0.00791
-0.008512
-0.009114
-0.010203
-0.011293
-0.012383
-0.013472
-0.014074
-0.014676
-0.015278
-0.01588
-0.015964
-0.016048
-0.016132
-0.016215
-0.016132
-0.016048
-0.015964
-0.01588
-0.015575
-0.01527
-0.014966
-0.014661
-0.014067
-0.013472
-0.012878
-0.012283
-0.011621
-0.010958
-0.010295
-0.009632
-0.008557
-0.007483
-0.006408
-0.005334
-0.003924
-0.002515
-0.001105
0.000305
0.001067
0.001829
0.002591
0.003353
0.003467
0.003581
0.003696
0.00381
0.004321
0.004831
0.005342
0.005852
0.006774
0.007696
0.008618
0.00954
0.0105
0.01146
0.012421
0.013381
0.014051
0.014722
0.015392
0.016063
0.016071
0.016078
0.016086
0.016093
0.015583
0.015072
0.014562
0.014051
0.013274
0.012497
0.01172
0.010942
0.009876
0.008809
0.007742
0.006675
0.005174
0.003673
0.002172
0.000671
-0.001059
-0.002789
-0.004519
-0.006248
-0.007186
-0.008123
-0.00906
-0.009997
-0.010013
-0.010028
-0.010043
-0.010058
-0.009738
-0.009418
-0.009098
-0.008778
-0.007971
-0.007163
-0.006355
-0.005547
-0.004663
-0.00378
-0.002896
-0.002012
-0.001676
-0.001341
-0.001006
-0.000671
-0.000229
0.000213
0.000655
0.001097
0.001775
0.002454
0.003132
0.00381
0.004138
0.004465
0.004793
0.005121
0.005029
0.004938
0.004846
0.004755
0.004511
0.004267
0.004023
0.00378
0.003391
0.003002
0.002614
0.002225
0.00144
0.000655
-0.00013
-0.000914
-0.001882
-0.00285
-0.003818
-0.004785
-0.005479
-0.006172
-0.006866
-0.007559
-0.007871
-0.008184
-0.008496
-0.008809
-0.008473
-0.008138
-0.007803
-0.007468
-0.00634
-0.005212
-0.004084
-0.002957
-0.001692
-0.000427
0.000838
0.002103
0.003452
0.004801
0.006149
0.007498
0.008588
0.009677
0.010767
0.011857
0.012101
0.012344
0.012588
0.012832
0.012771
0.01271
0.012649
0.012588
0.012101
0.011613
0.011125
0.010638
0.009601
0.008565
0.007529
0.006492
0.005662
0.004831
0.004001
0.00317
0.002553
0.001935
0.001318
0.000701
0.000351
0
-0.000351
-0.000701
-0.000366
-0.00003
0.000305
0.00064
0.001417
0.002195
0.002972
0.003749
0.004267
0.004785
0.005304
0.005822
0.005639
0.005456
0.005273
0.00509
0.004846
0.004602
0.004359
0.004115
0.004221
0.004328
0.004435
0.004542
0.004679
0.004816
0.004953
0.00509
0.004976
0.004862
0.004747
0.004633
0.004473
0.004313
0.004153
0.003993
0.004039
0.004084
0.00413
0.004176
0.003985
0.003795
0.003604
0.003414
0.003063
0.002713
0.002362
0.002012
0.001875
0.001737
0.0016
0.001463
0.001341
0.001219
0.001097
0.000975
0.000404
-0.000168
-0.000739
-0.001311
-0.001875
-0.002438
-0.003002
-0.003566
-0.003406
-0.003246
-0.003086
-0.002926
-0.002606
-0.002286
-0.001966
-0.001646
-0.001417
-0.001189
-0.00096
-0.000732
-0.000046
0.00064
0.001326
0.002012
0.002339
0.002667
0.002995
0.003322
0.002522
0.001722
0.000922
0.000122
-0.000526
-0.001173
-0.001821
-0.002469
-0.002637
-0.002804
-0.002972
-0.003139
-0.003345
-0.003551
-0.003757
-0.003962
-0.004191
-0.00442
-0.004648
-0.004877
-0.004656
-0.004435
-0.004214
-0.003993
-0.003254
-0.002515
-0.001775
-0.001036
-0.000244
0.000549
0.001341
0.002134
0.002598
0.003063
0.003528
0.003993
0.004061
0.00413
0.004199
0.004267
0.00413
0.003993
0.003856
0.003719
0.003917
0.004115
0.004313
0.004511
0.004831
0.005151
0.005471
0.005791
0.005707
0.005624
0.00554
0.005456
0.005288
0.005121
0.004953
0.004785
0.005052
0.005319
0.005585
0.005852
0.006134
0.006416
0.006698
0.00698
0.006911
0.006843
0.006774
0.006706
0.006264
0.005822
0.00538
0.004938
0.004656
0.004374
0.004092
0.00381
0.003818
0.003825
0.003833
0.00384
0.003932
0.004023
0.004115
0.004206
0.004115
0.004023
0.003932
0.00384
0.00333
0.002819
0.002309
0.001798
0.001074
0.000351
-0.000373
-0.001097
-0.002172
-0.003246
-0.004321
-0.005395
-0.006507
-0.00762
-0.008733
-0.009845
-0.010234
-0.010622
-0.011011
-0.0114
-0.011247
-0.011095
-0.010942
-0.01079
-0.010485
-0.01018
-0.009876
-0.009571
-0.009251
-0.008931
-0.008611
-0.008291
-0.008291
-0.008291
-0.008291
-0.008291
-0.008374
-0.008458
-0.008542
-0.008626
-0.008397
-0.008169
-0.00794
-0.007711
-0.007292
-0.006873
-0.006454
-0.006035
-0.005906
-0.005776
-0.005646
-0.005517
-0.005959
-0.006401
-0.006843
-0.007285
-0.007734
-0.008184
-0.008633
